SolverId	1.1
nK	10
nG	510
nS	2
nO	2
nZ	1
Null skill ratios	  1.0000000	  0.0000000
0	3
PI	0.2330147846	0.7669852154
A	1.0000000000	0.0000000000	0.2370592823	0.7629407177
B	0.7734349897	0.2265650103	0.2434168728	0.7565831272
1	4
PI	0.4193003358	0.5806996642
A	1.0000000000	0.0000000000	0.2621954313	0.7378045687
B	0.7000000000	0.3000000000	0.2209824323	0.7790175677
2	2
PI	0.8683989961	0.1316010039
A	1.0000000000	0.0000000000	0.0533530376	0.9466469624
B	0.8619798154	0.1380201846	0.3000000000	0.7000000000
3	5
PI	0.3674263725	0.6325736275
A	1.0000000000	0.0000000000	0.2846367343	0.7153632657
B	0.8704285746	0.1295714254	0.3000000000	0.7000000000
4	6
PI	0.3975839899	0.6024160101
A	1.0000000000	0.0000000000	0.2474925547	0.7525074453
B	0.7112800564	0.2887199436	0.1491365819	0.8508634181
5	1
PI	0.1632136281	0.8367863719
A	1.0000000000	0.0000000000	0.2961843127	0.7038156873
B	0.7000000000	0.3000000000	0.1341286405	0.8658713595
6	7
PI	0.4673967518	0.5326032482
A	1.0000000000	0.0000000000	0.4937866182	0.5062133818
B	0.7000000000	0.3000000000	0.1475021367	0.8524978633
7	8
PI	0.6221462356	0.3778537644
A	1.0000000000	0.0000000000	0.0585864257	0.9414135743
B	0.7000000000	0.3000000000	0.3000000000	0.7000000000
8	9
PI	0.4716852080	0.5283147920
A	1.0000000000	0.0000000000	0.1264754516	0.8735245484
B	0.7000000000	0.3000000000	0.2699260538	0.7300739462
9	10
PI	0.3714464350	0.6285535650
A	1.0000000000	0.0000000000	0.1888243915	0.8111756085
B	0.7000000000	0.3000000000	0.1882253196	0.8117746804
