SolverId	1.2
nK	10
nG	510
nS	2
nO	2
nZ	1
Null skill ratios	  1.0000000	  0.0000000
0	3
PI	0.4641111486	0.5358888514
A	1.0000000000	0.0000000000	0.3501133416	0.6498866584
B	0.7757200783	0.2242799217	0.1852459103	0.8147540897
1	4
PI	0.4929742182	0.5070257818
A	1.0000000000	0.0000000000	0.3861657680	0.6138342320
B	0.7694500132	0.2305499868	0.1960455402	0.8039544598
2	2
PI	0.5001487286	0.4998512714
A	1.0000000000	0.0000000000	0.3999964825	0.6000035175
B	0.8031927703	0.1968072297	0.2000161064	0.7999838936
3	5
PI	0.5000904781	0.4999095219
A	1.0000000000	0.0000000000	0.3992499053	0.6007500947
B	0.8057119307	0.1942880693	0.1997159234	0.8002840766
4	6
PI	0.4832684560	0.5167315440
A	1.0000000000	0.0000000000	0.3682648313	0.6317351687
B	0.7734631617	0.2265368383	0.1905134525	0.8094865475
5	1
PI	0.3812668818	0.6187331182
A	1.0000000000	0.0000000000	0.3127352699	0.6872647301
B	0.7405720229	0.2594279771	0.1023148820	0.8976851180
6	7
PI	0.4867312167	0.5132687833
A	1.0000000000	0.0000000000	0.3952543367	0.6047456633
B	0.7817046968	0.2182953032	0.2035378804	0.7964621196
7	8
PI	0.4979123124	0.5020876876
A	1.0000000000	0.0000000000	0.3888576581	0.6111423419
B	0.7473666996	0.2526333004	0.2002764670	0.7997235330
8	9
PI	0.4799699398	0.5200300602
A	1.0000000000	0.0000000000	0.3558207625	0.6441792375
B	0.7510735954	0.2489264046	0.1673267693	0.8326732307
9	10
PI	0.4838582679	0.5161417321
A	1.0000000000	0.0000000000	0.3601818419	0.6398181581
B	0.7600717199	0.2399282801	0.1909090497	0.8090909503
