de_morgan
	153310	3	6	1934000
	153311	7	8	318000
	153312	7	12	806000
	153313	7	12	720000
	153315	4	8	364000
	153317	0	4	281000
	153318	8	12	761000
	153300	2	6	1550000
	153301	6	12	589000
	153302	3	6	528000
	153303	5	12	1044000
	153304	6	12	2295000
	153305	5	7	1055000
	153306	1	4	629000
	153307	8	12	604000
	153308	3	4	127000
	153309	1	4	331000
	153330	6	9	637000
	153210	10	12	460000
	153211	7	12	572000
	153332	4	12	983000
	153212	2	3	198000
	153333	2	4	303000
	153214	9	12	817000
	153336	1	2	302000
	153216	3	6	187000
	153337	1	5	2416000
	153217	6	9	863000
	153338	2	2	94000
	153218	8	12	811000
	153339	7	8	1085000
	153219	7	12	793000
	153321	3	8	713000
	153201	10	12	465000
	153202	5	12	436000
	153323	7	12	526000
	153203	5	6	275000
	153204	0	8	425000
	153325	1	4	364000
	153205	2	2	198000
	153327	1	2	136000
	153207	4	7	277000
	153328	9	12	681000
	153208	2	4	165000
	153329	12	12	1088000
	153209	9	12	532000
	153197	0	2	71000
	153199	2	6	1503000
	153188	6	6	305000
	153189	5	12	619000
	153190	1	3	111000
	153191	4	6	1277000
	153192	9	12	383000
	153193	10	12	761000
	153194	7	12	489000
	153195	8	12	477000
	153196	3	6	376000
	153153	7	12	542000
	153154	5	9	915000
	153275	8	12	505000
	153277	0	8	536000
	153157	7	12	663000
	153278	4	6	1232000
	153279	7	8	833000
	153159	8	12	4619000
	153280	8	12	406000
	153160	8	12	787000
	153281	9	12	675000
	153161	6	6	161000
	153282	6	12	2595000
	153162	7	12	829000
	153163	10	12	804000
	153284	7	10	1149000
	153142	1	5	686000
	153263	7	12	1564000
	153143	5	7	172000
	153264	2	2	224000
	153144	7	8	240000
	153265	8	12	560000
	153145	8	12	1254000
	153266	5	10	1156000
	153267	2	4	397000
	153147	10	12	406000
	153268	7	10	264000
	153148	5	8	298000
	153269	3	5	1030000
	153149	10	12	300000
	153270	6	12	2017000
	153150	7	11	830000
	153271	5	5	1070000
	153151	0	7	1324000
	153272	4	6	494000
	153152	9	12	586000
	153175	6	12	533000
	153176	4	12	386000
	153297	4	5	168000
	153177	2	10	266000
	153298	9	12	643000
	153299	3	6	331000
	153179	6	12	573000
	153180	5	8	613000
	153181	1	3	270000
	153182	5	12	312000
	153184	12	12	349000
	153185	5	12	955000
	153164	2	4	667000
	153285	4	5	504000
	153165	8	12	545000
	153286	0	5	958000
	153166	4	7	394000
	153167	4	12	790000
	153288	11	12	570000
	153168	9	12	596000
	153289	3	8	698000
	153169	1	9	625000
	153170	9	12	477000
	153171	10	12	766000
	153292	5	12	501000
	153172	10	12	356000
	153293	10	12	574000
	153173	5	10	1257000
	153294	5	12	688000
	153230	9	12	1095000
	153351	2	8	447000
	153110	6	6	293000
	153231	0	2	52000
	153111	5	6	397000
	153353	7	12	1583000
	153112	8	12	432000
	153233	9	12	470000
	153113	3	4	262000
	153234	2	7	942000
	153235	6	12	595000
	153115	1	2	1127000
	153236	5	12	912000
	153357	8	12	1908000
	153116	10	12	491000
	153117	5	6	263000
	153239	7	12	882000
	153119	1	4	417000
	153360	12	12	748000
	153240	2	4	297000
	153340	1	8	4007000
	153220	3	10	560000
	153100	5	6	383000
	153221	9	12	862000
	153342	4	11	1223000
	153101	10	12	363000
	153222	7	12	364000
	153343	7	12	756000
	153102	9	10	647000
	153223	3	3	115000
	153103	7	12	907000
	153345	5	8	347000
	153104	11	12	698000
	153225	3	4	226000
	153346	7	12	1169000
	153105	8	12	681000
	153226	4	6	238000
	153347	3	4	182000
	153227	7	12	522000
	153348	7	12	552000
	153107	4	6	284000
	153228	1	4	275000
	153349	4	10	1821000
	153108	0	1	128000
	153229	4	6	401000
	153109	10	12	682000
	153131	10	12	766000
	153132	11	12	553000
	153133	6	7	465000
	153254	3	6	342000
	153134	9	12	621000
	153255	3	5	459000
	153135	10	12	539000
	153136	4	6	382000
	153257	4	6	467000
	153137	4	7	1431000
	153258	8	12	818000
	153138	5	6	905000
	153259	0	4	257000
	153139	2	6	316000
	153260	10	12	259000
	153140	3	7	317000
	153261	7	12	675000
	153141	5	8	676000
	153120	1	6	263000
	153241	9	12	775000
	153242	8	12	519000
	153363	5	7	260000
	153122	5	6	150000
	153243	2	4	362000
	153123	6	11	309000
	153244	3	8	615000
	153124	4	5	196000
	153245	10	12	701000
	153367	8	12	802000
	153247	1	6	323000
	153248	8	12	526000
	153369	3	7	846000
	153128	4	7	502000
	153249	7	12	792000
	153129	7	12	541000
	153370	10	12	915000
	153250	8	12	522000
	153371	6	14	6557000
	153130	7	10	1693000
	153251	9	12	762000
conditional_independent_events
	153153	2	9	556000
	153154	10	12	790000
	153275	9	12	418000
	153277	0	4	71000
	153310	3	6	2028000
	153157	5	12	1392000
	153279	8	11	1067000
	153312	7	12	868000
	153159	8	12	932000
	153313	2	6	317000
	153315	4	7	332000
	153317	6	8	234000
	153280	6	12	398000
	153160	8	12	1490000
	153281	7	12	368000
	153282	3	7	1079000
	153163	7	12	992000
	153284	9	12	894000
	153142	5	8	1050000
	153143	7	12	565000
	153264	8	11	513000
	153265	8	12	649000
	153145	11	12	584000
	153266	8	9	570000
	153301	6	12	577000
	153269	3	8	412000
	153302	0	7	582000
	153149	12	12	285000
	153303	6	12	807000
	153305	6	10	634000
	153306	6	8	336000
	153307	5	12	621000
	153309	1	5	287000
	153270	9	12	581000
	153150	6	9	398000
	153271	2	5	977000
	153151	0	3	173000
	153272	4	10	791000
	153273	10	12	346000
	153175	4	12	376000
	153176	5	12	496000
	153297	2	4	298000
	153330	4	8	558000
	153177	0	6	104000
	153210	10	12	510000
	153298	10	12	590000
	153299	7	12	558000
	153332	8	12	484000
	153179	8	12	450000
	153212	6	8	329000
	153214	8	12	847000
	153337	4	7	4160000
	153217	3	5	187000
	153218	8	12	751000
	153339	2	3	1010000
	153219	10	12	791000
	153181	2	8	1111000
	153182	9	12	356000
	153184	11	12	308000
	153185	6	12	604000
	153164	4	8	1606000
	153285	4	7	249000
	153165	4	11	1767000
	153286	3	9	573000
	153166	2	7	309000
	153288	11	12	450000
	153321	1	6	473000
	153168	12	12	699000
	153289	7	12	913000
	153169	5	10	589000
	153202	4	12	1151000
	153323	5	12	324000
	153203	8	8	196000
	153204	0	6	115000
	153325	2	7	664000
	153205	10	12	494000
	153327	8	12	1957000
	153207	4	7	425000
	153328	5	12	817000
	153208	5	8	657000
	153329	10	12	504000
	153170	9	12	683000
	153171	5	12	817000
	153172	8	12	703000
	153293	5	12	1030000
	153173	6	8	2690000
	153294	4	9	436000
	153197	0	5	405000
	153230	9	12	745000
	153351	0	8	282000
	153231	0	6	97000
	153199	8	12	869000
	153112	10	12	436000
	153113	2	2	104000
	153234	1	6	1024000
	153235	6	8	296000
	153115	3	6	306000
	153357	6	12	767000
	153116	11	12	498000
	153119	6	8	438000
	153360	12	12	602000
	153240	7	9	565000
	153220	1	7	261000
	153100	5	5	334000
	153188	4	5	328000
	153221	9	12	380000
	153342	6	10	718000
	153101	11	12	610000
	153222	8	12	419000
	153102	11	12	520000
	153223	2	5	341000
	153103	8	12	670000
	153345	4	6	183000
	153225	10	12	839000
	153346	4	11	1881000
	153226	2	6	447000
	153347	7	8	415000
	153228	4	8	407000
	153349	6	12	800000
	153108	5	8	289000
	153109	11	12	732000
	153190	10	10	260000
	153191	2	5	702000
	153192	5	12	353000
	153194	9	12	618000
	153131	12	12	513000
	153132	6	12	304000
	153133	6	6	321000
	153255	5	5	742000
	153257	11	12	545000
	153137	1	5	254000
	153258	8	10	1077000
	153138	7	12	723000
	153259	1	3	21000
	153260	6	12	444000
	153140	9	12	390000
	153261	5	12	1190000
	153141	5	7	332000
	153120	3	12	226000
	153241	6	12	989000
	153242	8	12	530000
	153363	1	5	600000
	153243	2	5	260000
	153123	4	10	426000
	153244	8	12	537000
	153124	3	6	340000
	153367	8	12	788000
	153126	11	12	290000
	153247	1	5	312000
	153248	10	12	636000
	153369	3	8	1128000
	153128	6	7	730000
	153249	10	10	1031000
	153370	10	12	486000
	153250	10	12	561000
	153371	6	12	1898000
	153130	7	12	1237000
	153251	10	12	1849000
conditional_probability
	153310	2	5	706000
	153311	5	8	369000
	153312	8	12	1660000
	153313	1	6	272000
	153314	3	4	560000
	153315	7	11	344000
	153317	4	6	135000
	153318	5	8	758000
	153300	10	12	880000
	153301	7	12	408000
	153302	2	6	710000
	153303	4	12	1939000
	153304	8	12	580000
	153305	6	8	675000
	153306	6	8	305000
	153307	4	8	315000
	153308	3	4	121000
	153309	4	6	2764000
	153330	3	8	312000
	153210	6	8	382000
	153211	3	8	562000
	153332	9	12	503000
	153212	4	5	157000
	153214	6	8	595000
	153216	2	4	371000
	153337	1	5	807000
	153217	3	7	257000
	153338	6	12	733000
	153218	6	8	367000
	153339	6	6	290000
	153219	7	8	310000
	153321	1	3	73000
	153201	10	12	541000
	153323	8	12	273000
	153203	7	10	502000
	153325	2	2	80000
	153205	6	8	419000
	153327	2	4	326000
	153207	3	7	264000
	153328	6	8	334000
	153208	1	4	154000
	153329	6	7	856000
	153209	5	8	299000
	153197	3	5	281000
	153199	5	8	535000
	153188	2	2	165000
	153189	7	8	194000
	153190	3	6	154000
	153191	1	4	217000
	153192	1	4	65000
	153193	4	8	499000
	153194	6	8	259000
	153196	6	8	217000
	153153	10	12	399000
	153154	3	7	404000
	153275	5	8	253000
	153277	0	3	64000
	153157	4	8	322000
	153279	4	7	306000
	153159	4	8	694000
	153280	8	12	314000
	153160	10	12	569000
	153281	4	12	2084000
	153282	4	7	1567000
	153162	6	8	544000
	153163	6	8	376000
	153142	1	3	357000
	153263	10	12	499000
	153143	8	12	347000
	153264	6	7	460000
	153144	6	8	304000
	153265	5	8	381000
	153145	7	8	767000
	153266	5	10	525000
	153267	1	4	268000
	153147	4	12	420000
	153268	5	8	525000
	153148	4	4	47000
	153269	1	6	227000
	153149	5	8	225000
	153270	3	8	488000
	153150	6	11	439000
	153271	3	6	1554000
	153151	1	5	243000
	153272	1	3	839000
	153152	2	4	167000
	153273	5	8	264000
	153175	3	12	331000
	153176	5	12	359000
	153297	1	2	110000
	153177	0	2	27000
	153298	6	12	393000
	153299	3	4	77000
	153179	9	12	278000
	153180	3	4	61000
	153181	4	6	266000
	153182	7	12	313000
	153184	6	8	242000
	153185	1	4	277000
	153164	4	6	657000
	153285	6	7	207000
	153165	5	8	407000
	153286	1	1	51000
	153166	5	8	163000
	153167	4	4	53000
	153288	8	8	591000
	153168	11	12	611000
	153289	2	4	1054000
	153169	7	12	798000
	153170	7	12	444000
	153171	8	12	394000
	153292	1	8	299000
	153172	4	4	152000
	153293	4	8	390000
	153173	5	9	979000
	153294	5	7	264000
	153230	6	8	380000
	153351	0	3	23000
	153110	4	4	77000
	153231	0	2	21000
	153111	6	12	631000
	153353	2	12	2432000
	153233	7	8	396000
	153113	6	6	176000
	153234	5	8	1146000
	153235	3	12	264000
	153115	2	7	430000
	153236	2	4	77000
	153357	6	12	936000
	153116	11	12	315000
	153117	8	12	454000
	153239	7	8	1415000
	153119	5	6	446000
	153360	6	8	862000
	153240	2	6	310000
	153340	4	8	9908000
	153220	5	7	187000
	153100	4	4	228000
	153221	5	12	704000
	153342	2	5	1462000
	153101	6	8	426000
	153222	5	8	174000
	153343	2	8	656000
	153102	7	8	414000
	153223	4	6	237000
	153103	6	8	530000
	153345	2	2	44000
	153104	0	4	420000
	153225	7	8	812000
	153346	8	12	494000
	153105	2	4	372000
	153226	3	5	506000
	153347	3	7	588000
	153227	4	8	376000
	153348	4	8	440000
	153107	9	12	334000
	153228	4	6	279000
	153108	2	5	234000
	153229	5	8	324000
	153109	7	8	525000
	153131	6	8	273000
	153132	6	8	268000
	153133	3	3	131000
	153254	2	8	374000
	153134	4	8	270000
	153255	2	2	157000
	153135	7	12	542000
	153136	3	8	276000
	153137	3	7	156000
	153258	6	12	900000
	153138	2	4	51000
	153259	1	3	73000
	153139	6	12	455000
	153260	10	12	273000
	153140	5	8	415000
	153261	2	4	109000
	153141	4	6	484000
	153241	10	12	844000
	153242	4	8	1470000
	153363	5	8	409000
	153243	3	5	241000
	153123	6	8	285000
	153244	5	12	444000
	153124	5	7	195000
	153367	2	4	103000
	153126	3	4	216000
	153247	2	6	482000
	153248	7	12	515000
	153369	2	5	195000
	153128	9	11	284000
	153249	8	8	712000
	153129	3	8	256000
	153370	6	8	488000
	153250	7	8	304000
	153371	4	4	201000
	153251	5	8	528000
complement_theorem
	153310	30	34	1093000
	153311	35	38	437000
	153312	54	60	2653000
	153313	49	60	905000
	153314	7	10	568000
	153315	41	46	414000
	153317	49	56	530000
	153318	50	56	1090000
	153300	25	30	952000
	153301	51	59	764000
	153302	25	34	1093000
	153303	47	60	1270000
	153304	40	48	1076000
	153305	53	59	893000
	153306	41	44	604000
	153307	53	60	1035000
	153308	23	28	250000
	153309	28	36	1293000
	153330	45	56	1896000
	153210	55	60	705000
	153211	45	48	451000
	153332	55	60	665000
	153212	50	54	557000
	153333	23	26	488000
	153214	53	60	866000
	153336	20	22	312000
	153216	29	34	307000
	153337	46	52	1553000
	153217	29	31	578000
	153338	22	26	424000
	153218	53	60	1176000
	153339	34	38	925000
	153219	50	60	804000
	153321	22	29	542000
	153201	53	54	603000
	153202	50	56	568000
	153323	27	58	856000
	153203	50	54	605000
	153204	32	42	395000
	153325	18	27	589000
	153205	30	36	423000
	153327	11	18	703000
	153207	32	36	444000
	153328	53	60	1126000
	153208	27	34	852000
	153329	57	60	860000
	153209	53	56	494000
	153197	23	32	753000
	153199	21	30	821000
	153188	26	28	493000
	153189	45	50	455000
	153190	41	46	385000
	153191	29	31	1267000
	153192	49	56	531000
	153193	50	54	854000
	153194	54	60	879000
	153195	28	38	628000
	153196	43	44	875000
	153153	56	65	781000
	153154	56	59	753000
	153275	56	60	515000
	153277	22	41	683000
	153157	51	60	613000
	153278	25	28	925000
	153279	53	56	800000
	153159	41	46	749000
	153280	44	58	937000
	153160	56	60	857000
	153281	49	54	609000
	153161	31	32	412000
	153282	23	34	1620000
	153162	49	54	906000
	153163	56	60	978000
	153284	32	34	436000
	153142	23	29	787000
	153263	53	56	2467000
	153143	49	57	752000
	153264	25	27	546000
	153144	30	32	542000
	153265	50	60	635000
	153145	46	52	710000
	153266	48	57	1005000
	153267	28	32	624000
	153147	54	56	528000
	153268	52	54	1019000
	153148	41	44	439000
	153269	34	45	1044000
	153149	55	60	697000
	153270	41	50	848000
	153150	49	56	691000
	153271	29	33	2155000
	153151	25	39	950000
	153272	46	54	920000
	153152	45	48	417000
	153273	18	24	339000
	153175	49	60	468000
	153296	5	8	151000
	153176	52	60	569000
	153297	34	39	498000
	153177	29	44	534000
	153298	58	60	586000
	153299	29	34	407000
	153179	52	60	613000
	153180	22	24	325000
	153181	40	45	562000
	153182	53	60	417000
	153184	59	60	615000
	153185	47	56	952000
	153164	25	31	1252000
	153285	53	55	814000
	153165	53	60	881000
	153286	27	31	656000
	153166	31	37	343000
	153167	31	36	531000
	153288	56	60	818000
	153168	57	60	630000
	153289	32	36	748000
	153169	49	58	744000
	153170	54	60	925000
	153171	47	58	904000
	153292	44	56	636000
	153172	56	58	552000
	153293	53	59	723000
	153173	47	53	1773000
	153294	51	56	867000
	153230	56	59	737000
	153351	21	46	708000
	153110	35	36	376000
	153231	12	18	140000
	153111	36	42	355000
	153353	43	54	1521000
	153112	43	48	447000
	153233	54	56	960000
	153113	28	31	606000
	153234	46	54	1440000
	153235	52	60	844000
	153115	39	48	1801000
	153236	32	40	1100000
	153357	48	60	1730000
	153116	58	60	499000
	153117	42	44	519000
	153239	49	54	955000
	153119	44	53	1056000
	153360	53	58	785000
	153240	24	28	548000
	153340	30	38	2008000
	153220	43	53	869000
	153100	35	37	488000
	153221	55	60	907000
	153342	39	52	740000
	153101	57	60	762000
	153222	55	60	471000
	153343	41	48	821000
	153102	58	60	700000
	153223	39	43	588000
	153103	48	60	1832000
	153345	29	36	819000
	153104	39	40	447000
	153225	37	40	756000
	153346	52	60	1261000
	153105	53	54	479000
	153226	33	36	526000
	153347	19	24	518000
	153227	44	56	759000
	153348	41	48	643000
	153107	32	36	411000
	153228	55	62	783000
	153349	36	40	792000
	153108	43	52	595000
	153229	29	38	733000
	153109	58	59	1110000
	153131	56	60	922000
	153132	57	60	1325000
	153133	30	33	394000
	153254	34	38	598000
	153134	50	54	579000
	153255	36	36	646000
	153135	47	54	894000
	153136	42	44	508000
	153257	32	36	756000
	153137	20	30	1668000
	153258	48	60	2449000
	153138	32	40	480000
	153259	21	27	389000
	153139	39	42	452000
	153260	57	60	493000
	153140	48	58	1184000
	153261	46	56	728000
	153141	43	46	771000
	153120	18	38	434000
	153241	53	60	2550000
	153242	59	64	710000
	153363	33	35	491000
	153122	29	34	470000
	153243	51	57	784000
	153123	50	60	665000
	153244	46	57	664000
	153124	22	31	516000
	153245	29	38	765000
	153367	35	44	778000
	153126	18	20	170000
	153247	27	36	967000
	153248	53	60	695000
	153369	44	54	836000
	153128	44	48	837000
	153249	55	60	1110000
	153129	49	54	562000
	153370	55	58	767000
	153250	57	60	612000
	153371	31	46	1871000
	153130	30	36	918000
	153251	55	60	631000
mutually_exclusive_events
	153310	0	5	852000
	153311	2	4	162000
	153312	6	12	733000
	153313	6	12	387000
	153315	6	10	179000
	153317	2	4	89000
	153318	9	12	224000
	153300	2	4	116000
	153301	7	12	286000
	153302	2	7	1898000
	153303	8	12	369000
	153304	9	12	438000
	153305	8	11	492000
	153306	3	5	115000
	153307	7	12	283000
	153308	6	8	172000
	153309	2	4	141000
	153330	8	10	732000
	153210	9	12	200000
	153211	9	12	186000
	153332	4	12	365000
	153212	4	6	131000
	153333	5	8	212000
	153214	7	12	360000
	153336	7	8	87000
	153216	5	8	225000
	153337	4	8	1318000
	153217	4	5	117000
	153338	4	8	1074000
	153218	9	12	302000
	153339	6	9	718000
	153219	8	12	324000
	153321	2	7	247000
	153201	10	12	138000
	153202	5	12	192000
	153323	5	12	236000
	153203	10	10	155000
	153204	3	8	180000
	153325	3	6	810000
	153205	5	8	331000
	153207	2	6	184000
	153328	8	12	194000
	153208	6	8	173000
	153329	11	12	437000
	153209	8	12	297000
	153197	0	4	460000
	153188	5	7	165000
	153189	5	8	266000
	153190	4	5	47000
	153191	1	4	601000
	153192	8	12	282000
	153193	10	12	121000
	153194	9	12	263000
	153195	1	4	160000
	153196	11	12	479000
	153153	8	12	353000
	153154	8	12	402000
	153275	10	12	100000
	153277	0	4	140000
	153157	8	12	208000
	153278	5	8	224000
	153279	5	11	349000
	153159	5	8	372000
	153280	8	12	151000
	153160	8	12	419000
	153281	6	8	230000
	153161	3	4	50000
	153282	0	1	190000
	153162	9	12	217000
	153163	10	12	203000
	153284	4	4	44000
	153142	2	4	178000
	153263	10	12	296000
	153143	6	11	311000
	153264	4	4	180000
	153144	3	4	134000
	153265	8	12	144000
	153145	7	8	79000
	153266	7	11	508000
	153267	8	8	155000
	153147	8	12	225000
	153268	7	12	303000
	153148	7	8	82000
	153269	1	7	474000
	153149	11	12	128000
	153270	5	8	230000
	153150	3	9	469000
	153271	4	8	1073000
	153151	2	7	185000
	153272	10	12	211000
	153152	4	8	139000
	153273	1	4	155000
	153175	5	12	229000
	153176	6	12	200000
	153297	4	5	554000
	153177	6	12	481000
	153298	10	12	283000
	153179	8	12	180000
	153181	5	8	167000
	153182	9	12	128000
	153184	12	12	136000
	153185	9	12	264000
	153164	4	7	254000
	153285	10	11	279000
	153165	10	12	393000
	153286	7	7	198000
	153166	6	8	258000
	153167	5	8	150000
	153288	8	12	715000
	153168	9	11	234000
	153289	4	4	58000
	153169	3	12	438000
	153170	8	12	217000
	153171	5	12	536000
	153292	6	12	318000
	153172	7	12	953000
	153293	8	11	177000
	153173	5	12	1348000
	153294	5	12	336000
	153230	8	12	770000
	153351	1	10	397000
	153110	7	8	341000
	153231	0	4	49000
	153111	12	12	103000
	153353	6	12	292000
	153112	6	8	180000
	153233	12	12	139000
	153113	4	7	209000
	153234	3	9	932000
	153235	2	8	228000
	153115	3	5	83000
	153236	2	8	511000
	153357	8	12	367000
	153116	11	12	139000
	153117	9	12	321000
	153239	8	12	234000
	153119	7	10	192000
	153360	9	12	233000
	153240	2	7	397000
	153340	1	8	1571000
	153220	8	9	147000
	153100	5	6	113000
	153221	9	12	332000
	153342	4	12	497000
	153101	11	12	304000
	153222	8	12	160000
	153343	6	12	706000
	153102	6	8	197000
	153223	5	7	293000
	153103	8	12	200000
	153345	5	8	267000
	153104	8	8	88000
	153225	5	12	452000
	153346	12	12	466000
	153105	9	12	97000
	153226	6	8	192000
	153347	4	5	185000
	153227	7	12	156000
	153348	9	12	431000
	153107	12	12	106000
	153349	3	8	220000
	153108	0	4	137000
	153229	9	12	183000
	153109	11	12	361000
	153131	10	12	324000
	153132	9	12	267000
	153133	4	6	297000
	153254	7	8	84000
	153134	10	12	256000
	153255	7	8	329000
	153135	7	12	457000
	153136	7	12	265000
	153257	6	8	1426000
	153137	2	6	552000
	153258	3	11	6286000
	153138	1	4	302000
	153259	0	3	138000
	153139	11	12	278000
	153260	12	12	89000
	153140	6	11	937000
	153261	5	12	264000
	153141	9	10	224000
	153120	0	8	101000
	153241	10	12	222000
	153242	7	12	320000
	153363	6	8	393000
	153122	2	4	74000
	153243	5	10	439000
	153123	5	11	398000
	153244	4	10	281000
	153124	1	7	212000
	153245	2	4	160000
	153367	6	8	126000
	153126	4	4	25000
	153247	3	7	376000
	153248	9	12	183000
	153369	6	11	227000
	153128	5	8	249000
	153249	8	11	315000
	153129	10	12	121000
	153370	8	12	333000
	153250	11	12	312000
	153371	2	8	330000
	153130	1	4	69000
	153251	9	12	152000
total_probability_theorem
	153310	4	4	654000
	153311	3	6	394000
	153312	3	6	1082000
	153313	2	6	452000
	153314	4	4	217000
	153315	1	3	143000
	153317	3	5	327000
	153318	3	6	389000
	153300	4	6	522000
	153301	2	6	351000
	153302	1	3	396000
	153303	3	6	1261000
	153304	6	6	397000
	153305	4	5	963000
	153306	1	2	154000
	153307	4	6	549000
	153308	2	4	252000
	153309	2	4	1124000
	153330	5	6	329000
	153210	5	6	337000
	153211	6	6	378000
	153332	2	6	777000
	153212	3	4	253000
	153333	1	2	150000
	153214	5	6	225000
	153336	1	2	150000
	153216	2	4	745000
	153337	2	3	686000
	153217	3	5	200000
	153338	1	6	620000
	153218	5	6	280000
	153339	3	4	414000
	153219	5	6	347000
	153321	2	5	359000
	153201	6	6	690000
	153202	1	2	134000
	153323	2	6	516000
	153203	2	2	78000
	153204	0	1	35000
	153325	2	4	342000
	153205	5	6	312000
	153327	2	4	626000
	153207	2	4	271000
	153328	5	6	510000
	153208	2	6	911000
	153329	5	6	675000
	153209	4	6	330000
	153197	3	5	1742000
	153199	2	6	664000
	153188	2	4	162000
	153189	4	6	472000
	153190	0	2	129000
	153191	1	3	155000
	153192	4	4	185000
	153193	4	6	494000
	153194	4	6	283000
	153195	1	2	154000
	153196	4	6	459000
	153153	1	6	499000
	153154	5	6	341000
	153275	5	6	244000
	153277	0	2	129000
	153157	3	6	756000
	153278	2	2	155000
	153279	4	6	434000
	153159	2	4	614000
	153280	3	6	449000
	153160	5	6	575000
	153281	3	6	617000
	153161	2	2	96000
	153282	5	5	1090000
	153162	4	6	715000
	153163	5	6	748000
	153284	1	2	127000
	153142	2	2	185000
	153263	4	6	1526000
	153143	1	4	283000
	153264	3	4	323000
	153144	4	4	330000
	153265	4	6	554000
	153145	5	6	357000
	153266	4	5	669000
	153267	3	4	469000
	153147	5	6	518000
	153268	4	6	404000
	153148	2	4	229000
	153269	1	4	814000
	153149	5	6	350000
	153270	2	4	272000
	153150	4	5	313000
	153271	1	4	2862000
	153151	1	5	1576000
	153272	4	6	717000
	153152	1	4	266000
	153273	4	6	672000
	153175	3	6	433000
	153296	1	2	132000
	153176	4	6	290000
	153297	6	6	372000
	153177	0	3	105000
	153298	3	6	521000
	153299	2	4	188000
	153179	2	6	265000
	153180	4	4	120000
	153181	1	2	151000
	153182	3	6	282000
	153184	5	6	286000
	153185	1	4	330000
	153164	3	4	593000
	153285	3	4	518000
	153165	3	6	671000
	153286	3	4	650000
	153166	3	5	284000
	153167	2	4	380000
	153288	5	6	583000
	153168	6	6	287000
	153289	0	4	596000
	153169	2	6	375000
	153170	2	6	508000
	153171	3	6	888000
	153292	0	6	491000
	153172	2	4	139000
	153293	4	6	811000
	153173	3	6	1480000
	153294	3	6	334000
	153230	4	6	288000
	153351	0	5	237000
	153110	4	4	248000
	153231	0	2	51000
	153111	3	6	526000
	153353	0	6	684000
	153112	2	2	70000
	153233	5	6	418000
	153113	3	4	320000
	153234	3	6	1721000
	153235	3	6	371000
	153115	1	3	462000
	153236	1	4	242000
	153357	4	6	629000
	153116	6	6	226000
	153117	3	6	500000
	153239	5	6	435000
	153119	2	4	573000
	153360	6	6	924000
	153240	2	3	201000
	153340	2	4	603000
	153220	2	4	321000
	153100	3	3	194000
	153221	4	6	687000
	153342	5	6	350000
	153101	5	6	196000
	153222	6	6	138000
	153343	1	6	710000
	153102	5	5	518000
	153223	2	3	374000
	153103	3	6	518000
	153345	2	4	229000
	153104	1	4	345000
	153225	5	6	626000
	153346	5	6	700000
	153105	1	4	256000
	153226	4	5	534000
	153347	3	4	234000
	153227	1	6	423000
	153348	4	6	1043000
	153107	6	6	268000
	153228	2	4	700000
	153349	1	2	210000
	153108	1	4	141000
	153229	3	6	363000
	153109	6	6	484000
	153131	2	6	423000
	153132	4	6	380000
	153133	4	5	256000
	153254	3	6	509000
	153134	5	6	330000
	153255	6	6	331000
	153135	5	6	333000
	153136	3	6	329000
	153257	1	2	251000
	153137	2	4	860000
	153258	5	6	1501000
	153138	3	4	37487000
	153259	2	3	259000
	153139	3	6	345000
	153260	5	6	260000
	153140	6	6	323000
	153261	3	4	348000
	153141	2	3	130000
	153120	0	2	81000
	153241	3	6	994000
	153242	3	6	783000
	153363	3	4	390000
	153122	2	2	85000
	153243	3	5	463000
	153123	4	6	249000
	153244	5	6	333000
	153124	2	4	392000
	153245	0	2	237000
	153367	1	4	440000
	153126	4	4	106000
	153247	3	5	314000
	153248	3	6	647000
	153369	3	4	205000
	153128	5	6	327000
	153249	5	6	352000
	153129	3	6	415000
	153370	5	6	456000
	153250	6	6	337000
	153371	3	4	856000
	153130	2	2	106000
	153251	3	6	478000
independent_events
	153310	3	6	903000
	153311	3	6	355000
	153312	0	6	741000
	153313	1	6	379000
	153314	0	2	339000
	153315	2	5	202000
	153317	1	4	176000
	153318	3	6	293000
	153300	3	4	659000
	153301	1	6	429000
	153302	0	5	22713000
	153303	2	6	1677000
	153304	2	4	831000
	153305	2	4	1303000
	153306	4	6	746000
	153307	4	6	624000
	153308	2	2	78000
	153309	1	5	930000
	153330	2	6	1163000
	153210	4	6	477000
	153211	2	4	549000
	153332	2	6	636000
	153212	4	6	237000
	153333	0	2	1494000
	153214	2	6	564000
	153336	0	2	378000
	153216	3	4	1114000
	153337	0	3	1027000
	153217	2	4	455000
	153338	0	2	1194000
	153218	5	6	280000
	153339	1	3	417000
	153219	5	6	213000
	153321	0	4	229000
	153201	4	6	263000
	153202	2	6	403000
	153323	4	10	425000
	153203	2	3	788000
	153204	2	6	325000
	153325	1	4	317000
	153205	1	4	237000
	153327	1	2	183000
	153207	0	4	546000
	153328	3	6	564000
	153208	0	3	778000
	153329	5	6	326000
	153209	4	6	382000
	153197	1	6	697000
	153199	1	4	466000
	153188	1	3	171000
	153189	3	6	316000
	153190	4	6	112000
	153191	5	7	1687000
	153192	4	6	813000
	153193	5	6	1255000
	153194	3	6	190000
	153195	1	6	606000
	153196	2	4	216000
	153153	1	6	404000
	153154	5	6	762000
	153275	5	6	480000
	153277	0	6	710000
	153157	3	6	578000
	153278	3	4	163000
	153279	1	5	879000
	153159	1	4	530000
	153280	1	6	388000
	153160	3	6	321000
	153281	1	6	511000
	153161	4	6	614000
	153282	1	7	5731000
	153162	3	6	679000
	153163	5	6	263000
	153284	3	4	220000
	153142	1	4	584000
	153263	3	6	566000
	153143	2	4	399000
	153264	2	5	938000
	153144	3	4	252000
	153265	3	6	429000
	153145	3	6	537000
	153266	4	6	1180000
	153267	3	4	350000
	153147	5	6	187000
	153268	4	6	986000
	153148	3	6	229000
	153269	1	5	280000
	153149	5	6	468000
	153270	0	6	1659000
	153150	2	7	1162000
	153271	2	5	1012000
	153151	0	3	191000
	153272	2	4	323000
	153152	3	6	250000
	153273	1	2	991000
	153175	1	6	513000
	153296	0	2	250000
	153176	3	6	271000
	153297	1	3	463000
	153177	2	4	311000
	153298	5	6	219000
	153299	2	6	589000
	153179	2	6	235000
	153180	2	4	231000
	153181	2	5	284000
	153182	2	6	147000
	153184	6	6	147000
	153185	4	8	1139000
	153164	3	4	668000
	153285	1	4	1822000
	153165	3	6	572000
	153286	4	6	907000
	153166	2	5	279000
	153167	2	4	341000
	153288	3	6	309000
	153168	3	6	534000
	153289	2	4	936000
	153169	3	6	275000
	153170	3	6	513000
	153171	4	6	416000
	153292	0	6	287000
	153172	3	6	369000
	153293	2	6	495000
	153173	3	6	726000
	153294	2	5	1004000
	153230	6	6	352000
	153351	1	8	1785000
	153110	1	4	655000
	153231	0	2	162000
	153111	1	3	349000
	153353	2	6	1039000
	153112	3	6	204000
	153233	3	6	712000
	153113	4	5	565000
	153234	0	2	222000
	153235	0	4	257000
	153115	1	4	1136000
	153236	0	4	480000
	153357	2	6	870000
	153116	4	6	270000
	153117	3	4	575000
	153239	4	6	659000
	153119	0	3	526000
	153360	4	6	373000
	153240	6	8	969000
	153340	1	4	1979000
	153220	1	5	544000
	153100	3	5	468000
	153221	5	6	309000
	153342	4	8	344000
	153101	4	6	252000
	153222	4	6	423000
	153343	1	4	347000
	153102	5	6	408000
	153223	2	4	557000
	153103	3	6	477000
	153345	4	7	1062000
	153104	3	4	306000
	153225	0	2	617000
	153346	3	6	1702000
	153105	4	6	326000
	153226	1	4	321000
	153347	2	4	312000
	153227	2	6	543000
	153348	2	4	655000
	153107	0	2	282000
	153228	2	6	741000
	153349	1	4	761000
	153108	1	2	69000
	153229	0	2	274000
	153109	2	6	447000
	153131	4	6	265000
	153132	3	6	496000
	153133	4	5	352000
	153254	1	4	533000
	153134	3	6	357000
	153255	3	6	626000
	153135	2	6	514000
	153136	2	4	403000
	153257	2	4	1720000
	153137	0	3	446000
	153258	3	6	5777000
	153138	3	6	649000
	153259	2	6	5058000
	153139	1	4	461000
	153260	3	6	524000
	153140	3	6	254000
	153261	1	6	410000
	153141	5	6	226000
	153120	0	4	431000
	153241	2	6	288000
	153242	2	6	394000
	153363	5	6	403000
	153122	4	6	487000
	153243	0	4	601000
	153123	0	6	347000
	153244	1	6	401000
	153124	2	6	303000
	153245	1	6	362000
	153367	0	4	372000
	153126	1	2	139000
	153247	2	8	757000
	153248	2	6	769000
	153369	2	6	346000
	153128	4	6	661000
	153249	4	6	823000
	153129	1	6	334000
	153370	3	6	603000
	153250	4	6	581000
	153371	2	4	4125000
	153130	2	4	540000
	153251	4	6	560000
addition_theorem_three_events
	153310	1	4	1217000
	153311	5	6	616000
	153312	6	10	2878000
	153313	7	10	1817000
	153315	6	9	1122000
	153317	0	1	42000
	153318	8	10	882000
	153300	3	4	767000
	153301	9	10	3600000
	153302	2	4	346000
	153303	9	10	1252000
	153304	6	8	2614000
	153305	7	7	589000
	153307	9	10	1241000
	153308	3	4	368000
	153309	3	3	347000
	153330	2	5	11984000
	153210	7	8	565000
	153211	7	8	1256000
	153332	6	10	1114000
	153333	0	4	4128000
	153214	10	10	2058000
	153336	2	4	447000
	153216	2	6	813000
	153337	4	7	1375000
	153217	3	5	562000
	153338	2	4	419000
	153218	10	10	1044000
	153339	6	6	675000
	153219	7	10	1097000
	153321	3	7	1029000
	153201	8	10	728000
	153202	9	10	844000
	153323	2	10	796000
	153203	1	1	11000
	153204	2	7	917000
	153325	3	5	685000
	153205	6	6	635000
	153207	3	4	325000
	153328	7	10	1175000
	153208	2	4	701000
	153329	10	10	1818000
	153209	9	10	705000
	153197	4	6	631000
	153199	2	2	480000
	153188	4	4	480000
	153189	6	8	1376000
	153190	2	2	264000
	153191	6	6	4700000
	153192	7	10	1610000
	153193	10	10	882000
	153194	10	10	1031000
	153195	3	6	2328000
	153196	8	8	1240000
	153153	7	9	1081000
	153154	9	10	1573000
	153275	9	10	774000
	153277	0	1	217000
	153157	9	10	767000
	153278	3	4	619000
	153279	7	9	1120000
	153159	4	6	1469000
	153280	6	10	844000
	153160	9	10	978000
	153281	4	8	1042000
	153161	5	6	551000
	153282	0	2	2502000
	153162	9	10	1225000
	153163	9	10	1138000
	153284	3	4	1121000
	153142	2	3	243000
	153263	8	10	4604000
	153143	4	6	395000
	153264	6	6	746000
	153144	3	4	389000
	153265	8	10	700000
	153145	6	8	616000
	153266	4	4	897000
	153267	5	6	855000
	153147	10	10	1040000
	153268	10	10	714000
	153148	7	8	723000
	153269	2	4	894000
	153149	10	10	626000
	153270	7	8	1607000
	153150	7	8	982000
	153271	5	6	2607000
	153151	3	6	977000
	153272	10	10	1209000
	153152	7	8	576000
	153273	0	2	336000
	153175	6	10	691000
	153176	10	10	553000
	153297	4	4	694000
	153177	3	8	763000
	153298	8	10	1137000
	153299	2	4	385000
	153179	9	10	1163000
	153180	1	2	374000
	153181	1	1	17000
	153182	9	10	417000
	153184	9	10	837000
	153185	9	10	1004000
	153164	3	4	1080000
	153285	1	1	8000
	153165	6	10	1734000
	153286	4	7	1645000
	153166	4	4	315000
	153167	5	6	1331000
	153288	8	10	897000
	153168	9	10	809000
	153289	4	4	630000
	153169	6	10	1863000
	153170	10	10	979000
	153171	7	10	1508000
	153292	5	10	977000
	153172	9	10	1041000
	153293	9	10	1926000
	153173	6	10	3267000
	153294	7	10	1276000
	153230	9	10	3002000
	153351	0	7	1642000
	153110	6	6	753000
	153231	0	2	126000
	153111	6	8	847000
	153353	7	10	827000
	153112	7	8	594000
	153233	9	10	1051000
	153113	6	6	1215000
	153234	1	2	2160000
	153235	7	9	760000
	153115	1	2	309000
	153236	3	6	938000
	153357	7	10	1470000
	153116	10	10	922000
	153117	3	8	2687000
	153239	8	10	1761000
	153119	3	4	52000
	153360	9	10	1521000
	153240	6	7	1015000
	153340	3	6	1604000
	153220	4	6	776000
	153100	7	7	691000
	153221	9	10	1056000
	153342	7	10	1579000
	153101	8	10	1089000
	153222	10	10	774000
	153343	6	8	1462000
	153102	6	7	643000
	153223	5	6	865000
	153103	9	10	841000
	153345	3	6	793000
	153104	6	6	667000
	153225	4	6	1537000
	153346	4	7	1667000
	153105	7	10	1787000
	153226	6	6	2022000
	153347	5	6	1698000
	153227	5	10	742000
	153348	6	8	1549000
	153107	5	6	478000
	153228	0	3	1171000
	153349	2	6	2041000
	153108	0	2	221000
	153229	6	6	765000
	153109	9	10	1575000
	153131	5	10	1236000
	153132	8	10	1658000
	153133	5	5	406000
	153254	3	6	1311000
	153134	9	10	806000
	153255	6	6	633000
	153135	7	10	932000
	153136	6	8	1494000
	153257	4	6	1285000
	153137	1	6	1107000
	153258	5	7	2551000
	153138	2	6	63056000
	153259	0	6	1227000
	153139	6	8	745000
	153260	9	10	646000
	153140	5	9	775000
	153261	6	10	1130000
	153141	4	4	36000
	153120	2	6	355000
	153241	7	10	900000
	153242	9	10	639000
	153363	6	6	1336000
	153122	5	6	361000
	153243	7	7	1160000
	153123	6	8	577000
	153244	3	7	508000
	153124	6	9	1074000
	153245	4	6	666000
	153367	3	6	592000
	153126	2	2	146000
	153247	4	5	673000
	153248	8	10	933000
	153369	2	4	421000
	153128	7	9	1520000
	153249	9	10	1273000
	153129	10	10	642000
	153370	7	10	1226000
	153250	7	10	849000
	153371	2	6	5531000
	153130	3	4	889000
	153251	8	10	817000
addition_theorem
	153310	0	4	979000
	153311	7	10	334000
	153312	8	10	1227000
	153313	4	10	598000
	153315	5	10	383000
	153317	4	8	224000
	153318	7	10	522000
	153300	3	6	505000
	153301	5	10	432000
	153302	2	4	1047000
	153303	9	10	497000
	153304	3	6	381000
	153305	4	8	1742000
	153306	0	1	625000
	153307	8	10	333000
	153308	2	4	69000
	153309	3	7	438000
	153330	3	11	1406000
	153210	4	8	334000
	153211	5	6	218000
	153332	6	10	460000
	153212	1	2	129000
	153214	4	9	346000
	153336	3	6	293000
	153216	3	4	421000
	153337	1	7	1815000
	153217	0	4	220000
	153338	5	6	752000
	153218	8	10	712000
	153339	3	6	290000
	153219	5	10	626000
	153321	2	5	130000
	153201	8	10	289000
	153202	6	10	370000
	153323	5	10	326000
	153203	9	9	602000
	153204	4	10	377000
	153325	5	7	415000
	153205	6	10	267000
	153327	1	2	235000
	153207	3	4	110000
	153328	8	10	496000
	153208	0	3	100000
	153329	8	10	603000
	153209	8	10	443000
	153197	0	3	219000
	153188	2	4	184000
	153189	6	10	457000
	153190	4	5	145000
	153191	2	5	1480000
	153192	6	10	503000
	153193	6	10	474000
	153194	5	10	285000
	153195	2	6	555000
	153196	6	10	569000
	153153	7	10	1011000
	153154	6	10	538000
	153275	9	10	369000
	153277	0	6	224000
	153157	8	10	408000
	153278	0	2	789000
	153279	4	10	947000
	153159	1	2	183000
	153280	6	10	271000
	153160	6	9	414000
	153281	9	10	290000
	153161	2	4	272000
	153282	5	6	834000
	153162	8	10	523000
	153163	9	10	653000
	153142	1	3	358000
	153263	6	10	837000
	153143	5	7	241000
	153264	2	4	410000
	153144	2	2	63000
	153265	7	10	215000
	153145	4	6	168000
	153266	6	7	415000
	153267	2	4	206000
	153147	9	10	281000
	153268	6	8	136000
	153148	6	10	204000
	153269	2	8	629000
	153149	10	10	216000
	153270	6	10	505000
	153150	4	7	331000
	153271	5	5	820000
	153151	3	6	750000
	153272	8	10	370000
	153152	8	10	384000
	153273	3	4	200000
	153175	8	10	189000
	153176	8	10	188000
	153297	4	4	293000
	153177	1	4	108000
	153298	3	10	590000
	153299	2	4	205000
	153179	6	10	273000
	153180	1	2	4689000
	153181	3	8	619000
	153182	9	10	121000
	153184	8	10	261000
	153185	4	10	449000
	153164	3	5	716000
	153285	7	7	351000
	153165	7	10	532000
	153286	4	6	500000
	153166	0	3	96000
	153167	2	8	758000
	153288	5	10	831000
	153168	8	10	429000
	153289	1	2	220000
	153169	1	10	1285000
	153170	7	10	432000
	153171	2	10	694000
	153292	7	10	270000
	153172	5	10	655000
	153293	8	10	669000
	153173	7	10	2763000
	153294	5	10	409000
	153230	9	10	430000
	153351	1	16	725000
	153110	4	6	397000
	153231	0	6	97000
	153111	9	10	322000
	153353	7	10	353000
	153112	5	6	215000
	153233	8	10	643000
	153113	2	3	346000
	153234	1	8	9397000
	153235	6	8	275000
	153115	2	2	278000
	153236	3	6	406000
	153357	8	10	665000
	153116	9	10	290000
	153117	5	10	610000
	153239	7	10	412000
	153119	4	6	263000
	153360	7	10	575000
	153240	2	5	473000
	153340	1	6	2758000
	153220	6	9	511000
	153100	6	6	234000
	153221	6	10	505000
	153342	3	10	717000
	153101	8	10	604000
	153222	6	10	226000
	153343	2	6	686000
	153102	10	10	943000
	153223	6	6	474000
	153103	6	10	284000
	153345	6	8	2705000
	153104	6	6	211000
	153225	4	4	171000
	153346	6	10	660000
	153105	6	10	298000
	153226	7	8	228000
	153347	2	5	276000
	153227	7	10	350000
	153348	4	6	591000
	153107	5	6	236000
	153228	2	3	127000
	153349	2	4	148000
	153108	2	6	127000
	153229	5	6	266000
	153109	8	10	670000
	153131	8	10	473000
	153132	10	10	1233000
	153133	3	4	255000
	153254	3	6	446000
	153134	7	10	441000
	153255	2	3	692000
	153135	10	10	177000
	153136	5	10	584000
	153257	2	8	498000
	153137	1	5	826000
	153258	5	10	733000
	153138	7	8	816000
	153259	1	3	112000
	153139	8	10	302000
	153260	9	10	253000
	153140	8	10	320000
	153261	3	10	392000
	153141	7	7	209000
	153120	3	10	347000
	153241	8	10	329000
	153242	6	10	299000
	153363	3	5	458000
	153122	1	4	163000
	153243	4	6	396000
	153123	4	10	373000
	153244	2	10	576000
	153124	3	7	161000
	153245	5	6	282000
	153367	5	6	132000
	153126	3	4	164000
	153247	5	7	637000
	153248	7	10	373000
	153369	0	1	110000
	153128	5	6	440000
	153249	8	10	420000
	153129	5	10	269000
	153370	6	10	639000
	153250	7	10	440000
	153371	0	2	982000
	153251	7	10	540000
bayes_rule
	153153	2	3	441000
	153154	3	6	586000
	153275	3	6	527000
	153310	2	2	410000
	153157	3	6	549000
	153278	2	2	2874000
	153311	1	2	142000
	153279	4	6	1263000
	153312	3	4	1237000
	153159	3	4	1144000
	153313	0	2	112000
	153314	1	2	416000
	153315	0	1	12000
	153317	1	2	280000
	153318	2	4	628000
	153280	1	2	151000
	153160	2	4	2214000
	153281	2	4	669000
	153282	2	2	480000
	153162	2	2	175000
	153163	5	6	802000
	153284	0	2	1339000
	153142	0	1	795000
	153263	2	2	258000
	153143	2	2	11000
	153264	1	1	398000
	153144	2	2	148000
	153265	3	6	660000
	153145	3	4	434000
	153266	0	1	50000
	153147	2	2	571000
	153268	2	4	867000
	153301	0	4	516000
	153148	0	2	351000
	153269	0	2	226000
	153302	0	2	297000
	153149	4	6	507000
	153303	1	3	1127000
	153305	1	3	884000
	153307	3	6	1519000
	153308	1	2	232000
	153309	2	2	16000
	153270	1	2	1923000
	153150	2	3	475000
	153271	2	3	1810000
	153151	1	3	554000
	153272	3	6	1187000
	153152	3	4	544000
	153273	4	6	799000
	153175	0	4	740000
	153176	3	4	270000
	153297	3	3	251000
	153330	2	2	15000
	153177	0	1	57000
	153210	3	6	868000
	153298	4	4	403000
	153211	1	2	180000
	153299	1	4	698000
	153332	2	4	900000
	153179	2	4	482000
	153212	0	3	557000
	153333	0	2	5087000
	153214	5	6	699000
	153337	2	4	1456000
	153217	3	4	828000
	153218	4	6	555000
	153339	0	1	89000
	153219	2	6	1186000
	153182	4	4	333000
	153184	6	6	509000
	153185	2	4	708000
	153164	1	2	488000
	153285	1	2	454000
	153165	1	6	2250000
	153286	1	2	435000
	153166	1	1	217000
	153288	5	6	841000
	153321	1	3	259000
	153168	3	4	650000
	153289	5	6	1878000
	153169	0	4	1290000
	153202	4	4	803000
	153323	3	4	535000
	153204	0	2	102000
	153325	1	2	185000
	153205	3	4	716000
	153327	2	4	421000
	153207	1	2	341000
	153328	1	6	1241000
	153208	1	1	348000
	153329	6	6	906000
	153209	1	4	427000
	153170	2	4	441000
	153171	1	2	591000
	153292	1	4	578000
	153172	2	4	1647000
	153293	5	6	539000
	153173	1	3	1372000
	153294	1	2	469000
	153197	0	3	650000
	153230	2	6	1092000
	153351	0	3	105000
	153110	0	2	442000
	153231	0	2	86000
	153199	5	6	989000
	153112	1	2	387000
	153233	2	4	473000
	153113	3	3	935000
	153234	1	4	4555000
	153235	0	3	269000
	153115	0	2	51000
	153357	2	4	592000
	153116	3	4	558000
	153117	0	2	607000
	153239	2	2	236000
	153119	0	1	163000
	153360	2	4	648000
	153240	2	2	588000
	153340	2	2	385000
	153220	2	4	275000
	153100	4	4	303000
	153188	2	5	705000
	153221	2	4	360000
	153342	2	4	909000
	153101	5	6	295000
	153189	2	4	611000
	153222	1	6	585000
	153343	0	2	419000
	153102	5	6	1237000
	153223	1	3	461000
	153103	4	6	675000
	153345	3	4	483000
	153104	2	2	244000
	153225	4	6	1318000
	153346	1	3	411000
	153105	2	4	789000
	153226	1	1	13000
	153347	1	1	42000
	153227	2	4	491000
	153348	0	2	448000
	153349	0	2	406000
	153108	0	2	270000
	153229	2	2	140000
	153109	4	6	967000
	153191	2	3	320000
	153192	0	2	837000
	153193	2	2	88000
	153194	5	6	632000
	153196	3	4	484000
	153131	2	6	910000
	153132	4	6	3902000
	153133	2	4	608000
	153254	2	4	672000
	153134	1	2	198000
	153255	1	4	403000
	153136	2	4	391000
	153257	2	2	255000
	153137	0	2	25000
	153258	0	2	282000
	153138	1	4	2434000
	153259	0	1	12000
	153260	0	4	2141000
	153140	2	3	438000
	153261	0	2	1976000
	153141	3	3	45000
	153120	0	4	175000
	153241	1	4	707000
	153242	5	6	397000
	153363	2	4	1008000
	153122	1	2	166000
	153243	1	2	17000
	153123	4	5	482000
	153244	2	4	691000
	153124	1	2	280000
	153367	0	2	601000
	153126	3	4	554000
	153247	0	1	33000
	153248	2	4	734000
	153369	1	2	139000
	153128	3	4	796000
	153249	4	5	981000
	153129	0	2	219000
	153370	1	4	1202000
	153250	3	6	1012000
	153371	1	2	1702000
	153130	4	4	469000
	153251	6	6	434000
